[
 {
  "task": "/mnt/home/lweber/src/Ising/example/covariance_job.data/task0001",
  "parameters": {
   "T": 2.27,
   "thermalization": 2000.0,
   "Ly": 20.0,
   "binsize": 5.0,
   "Lx": 20.0,
   "sweeps": 10000.0,
   "estimate_covariance": true
  },
  "results": {
   "Energy2": {
    "error": 0.027657166257374497,
    "covariance": null,
    "autocorr_time": 4.715252641001967,
    "rebin_len": 86.0,
    "internal_bin_len": 5.0,
    "mean": 2.118196562184024,
    "rebin_count": 23.0
   },
   "_ll_sweep_time": {
    "error": 1.90982201613113e-7,
    "covariance": null,
    "autocorr_time": 0.0,
    "rebin_len": 86.0,
    "internal_bin_len": 5.0,
    "mean": 2.440490515672396e-5,
    "rebin_count": 23.0
   },
   "SpinCorrelation": {
    "error": [
     0.0,
     0.007233120979552859,
     0.013148533281269397,
     0.017415244308945723,
     0.020829322457804597,
     0.023257736005651036,
     0.024214575484932086,
     0.023082345197502675,
     0.02250032980175217,
     0.022563466858490817,
     0.022846525472888603,
     0.022005319888674588,
     0.02162487950004368,
     0.020775808653658825,
     0.019959511334589737,
     0.019566118283661157,
     0.017481780092696013,
     0.015517680568813424,
     0.012892556423705305,
     0.00829182367381701
    ],
    "covariance": [
     [
      0.0,
      0.0,
      0.0,
      0.0,
      0.0,
      0.0,
      0.0,
      0.0,
      0.0,
      0.0,
      0.0,
      0.0,
      0.0,
      0.0,
      0.0,
      0.0,
      0.0,
      0.0,
      0.0,
      0.0
     ],
     [
      0.0,
      5.23180391048477e-5,
      9.304007842123269e-5,
      0.00011800976752179097,
      0.0001389235538901072,
      0.00015258941750188749,
      0.00015830800260722538,
      0.00015015061810069795,
      0.00014608811644515818,
      0.00014575967130298341,
      0.0001393291367279248,
      0.0001258489166287382,
      0.00011781458345319049,
      0.00010921689276033981,
      0.00010822180765700019,
      0.00011127696043555125,
      0.00010421674916405118,
      9.340928353259149e-5,
      8.139846241369477e-5,
      5.365311746613247e-5
     ],
     [
      0.0,
      9.304007842123269e-5,
      0.00017288392744864894,
      0.00022204579913007562,
      0.00026133850701312187,
      0.00028573637617431785,
      0.000295823183616156,
      0.0002803403994170268,
      0.0002730206785161641,
      0.00027112001201561677,
      0.0002608490156125878,
      0.00023729422396243763,
      0.000224997269811664,
      0.0002124514293686104,
      0.00021198335658601834,
      0.00021710075189619135,
      0.00020020522651454818,
      0.00017807393879786768,
      0.00015515268560842678,
      0.0001017909384886477
     ],
     [
      0.0,
      0.00011800976752179097,
      0.00022204579913007562,
      0.00030329073434026633,
      0.0003590277731951919,
      0.0003972587793794982,
      0.000408732048488888,
      0.00038581238461759344,
      0.00037161214763259875,
      0.0003696558782325775,
      0.00035505605320628164,
      0.0003257881879458858,
      0.00030955013838685673,
      0.00029107626673071,
      0.0002844082173882369,
      0.0002840707289328674,
      0.0002590497541157528,
      0.00022888378468884332,
      0.00019851798871137958,
      0.00013066907691565568
     ],
     [
      0.0,
      0.0001389235538901072,
      0.00026133850701312187,
      0.0003590277731951919,
      0.00043386067405120287,
      0.0004800995340695441,
      0.0004972573759465159,
      0.00046556531721163725,
      0.0004454030970884714,
      0.00043684276931344536,
      0.00041382469783669655,
      0.0003748382218188102,
      0.00035134216058600704,
      0.0003277139117664475,
      0.00031609509457418894,
      0.000319757241412129,
      0.0002905108040639331,
      0.0002577030904616655,
      0.00022882159680745955,
      0.0001525873774122203
     ],
     [
      0.0,
      0.00015258941750188749,
      0.00028573637617431785,
      0.0003972587793794982,
      0.0004800995340695441,
      0.0005409222841085566,
      0.0005586064226483972,
      0.0005198145962792669,
      0.0004946857987731764,
      0.0004845457259377932,
      0.00045626981826286413,
      0.0004157247602104628,
      0.00039030585637713004,
      0.0003679061318961191,
      0.0003503020262133401,
      0.0003509205451528541,
      0.0003182232519847192,
      0.00027836472360595675,
      0.000246533232410082,
      0.00016584195151166936
     ],
     [
      0.0,
      0.00015830800260722538,
      0.000295823183616156,
      0.000408732048488888,
      0.0004972573759465159,
      0.0005586064226483972,
      0.000586345665915474,
      0.000549588375894375,
      0.0005224975000769099,
      0.0005043939674316183,
      0.00046786033443900927,
      0.00042092719333571937,
      0.00039203509958007633,
      0.00036559773558411776,
      0.00034840707568156433,
      0.0003550779318900033,
      0.0003234584938412992,
      0.00028236267663853836,
      0.00025205085241824046,
      0.00016965251371112202
     ],
     [
      0.0,
      0.00015015061810069795,
      0.0002803403994170268,
      0.00038581238461759344,
      0.00046556531721163725,
      0.0005198145962792669,
      0.000549588375894375,
      0.0005327946598166748,
      0.0005131682397353517,
      0.0004958755288781432,
      0.0004637818559536833,
      0.00041957211837799187,
      0.00039002365016932753,
      0.0003601266658679801,
      0.0003393707842987637,
      0.00034496820480752936,
      0.00031267668036237577,
      0.0002764165076806357,
      0.00024185070149807642,
      0.00016194372122207228
     ],
     [
      0.0,
      0.00014608811644515818,
      0.0002730206785161641,
      0.00037161214763259875,
      0.0004454030970884714,
      0.0004946857987731764,
      0.0005224975000769099,
      0.0005131682397353517,
      0.0005062648411876167,
      0.0004959060883989908,
      0.00047277265194276496,
      0.00042937907570647274,
      0.0004008632228156196,
      0.00037060156900089807,
      0.00034947088252977826,
      0.00034913748354800146,
      0.0003129975692726622,
      0.00027806778135183323,
      0.00024228540324672612,
      0.00016088875321337354
     ],
     [
      0.0,
      0.00014575967130298341,
      0.00027112001201561677,
      0.0003696558782325775,
      0.00043684276931344536,
      0.0004845457259377932,
      0.0005043939674316183,
      0.0004958755288781432,
      0.0004959060883989908,
      0.0005091100366742134,
      0.0005036635735065685,
      0.0004684216286309995,
      0.00044352953264473443,
      0.00040975110813116556,
      0.00037956196347152093,
      0.0003663050704546595,
      0.0003238068658729806,
      0.0002862183392257383,
      0.0002482525028740171,
      0.00016538780617493786
     ],
     [
      0.0,
      0.0001393291367279248,
      0.0002608490156125878,
      0.00035505605320628164,
      0.00041382469783669655,
      0.00045626981826286413,
      0.00046786033443900927,
      0.0004637818559536833,
      0.00047277265194276496,
      0.0005036635735065685,
      0.0005219637261833477,
      0.0004934554295243822,
      0.0004701057528576826,
      0.00043577052327881723,
      0.00039796184818554264,
      0.00037412242452620906,
      0.00032420094241918974,
      0.00028661209512004053,
      0.000245475485418192,
      0.0001630480138588543
     ],
     [
      0.0,
      0.0001258489166287382,
      0.00023729422396243763,
      0.0003257881879458858,
      0.0003748382218188102,
      0.0004157247602104628,
      0.00042092719333571937,
      0.00041957211837799187,
      0.00042937907570647274,
      0.0004684216286309995,
      0.0004934554295243822,
      0.00048423410340289735,
      0.00046788623753651616,
      0.0004338472949665737,
      0.00039017914310843303,
      0.0003604483447902103,
      0.0003067947068456209,
      0.0002689443144745708,
      0.0002284832068090479,
      0.00015003582007096905
     ],
     [
      0.0,
      0.00011781458345319049,
      0.000224997269811664,
      0.00030955013838685673,
      0.00035134216058600704,
      0.00039030585637713004,
      0.00039203509958007633,
      0.00039002365016932753,
      0.0004008632228156196,
      0.00044352953264473443,
      0.0004701057528576826,
      0.00046788623753651616,
      0.0004676354133914092,
      0.0004410831491288818,
      0.00040307395041569053,
      0.0003711204674342672,
      0.00031468684716549786,
      0.00027482094379288087,
      0.00022842917463920402,
      0.00014556877653452622
     ],
     [
      0.0,
      0.00010921689276033981,
      0.0002124514293686104,
      0.00029107626673071,
      0.0003277139117664475,
      0.0003679061318961191,
      0.00036559773558411776,
      0.0003601266658679801,
      0.00037060156900089807,
      0.00040975110813116556,
      0.00043577052327881723,
      0.0004338472949665737,
      0.0004410831491288818,
      0.00043163422521344487,
      0.0004014642871382989,
      0.0003730179227686183,
      0.0003179098031280943,
      0.00027585758817160665,
      0.00022690062235282098,
      0.00014346521637823026
     ],
     [
      0.0,
      0.00010822180765700019,
      0.00021198335658601834,
      0.0002844082173882369,
      0.00031609509457418894,
      0.0003503020262133401,
      0.00034840707568156433,
      0.0003393707842987637,
      0.00034947088252977826,
      0.00037956196347152093,
      0.00039796184818554264,
      0.00039017914310843303,
      0.00040307395041569053,
      0.0004014642871382989,
      0.000398382092715616,
      0.0003810310092700004,
      0.0003315769028762106,
      0.00028612695343232776,
      0.0002336370820825199,
      0.00014439237439576878
     ],
     [
      0.0,
      0.00011127696043555125,
      0.00021710075189619135,
      0.0002840707289328674,
      0.000319757241412129,
      0.0003509205451528541,
      0.0003550779318900033,
      0.00034496820480752936,
      0.00034913748354800146,
      0.0003663050704546595,
      0.00037412242452620906,
      0.0003604483447902103,
      0.0003711204674342672,
      0.0003730179227686183,
      0.0003810310092700004,
      0.00038283298469021933,
      0.0003371526909990967,
      0.0002905442262162957,
      0.00023936481738502153,
      0.00014695964832757733
     ],
     [
      0.0,
      0.00010421674916405118,
      0.00020020522651454818,
      0.0002590497541157528,
      0.0002905108040639331,
      0.0003182232519847192,
      0.0003234584938412992,
      0.00031267668036237577,
      0.0003129975692726622,
      0.0003238068658729806,
      0.00032420094241918974,
      0.0003067947068456209,
      0.00031468684716549786,
      0.0003179098031280943,
      0.0003315769028762106,
      0.0003371526909990967,
      0.0003056126352093825,
      0.00026568837318974585,
      0.00021781827327368221,
      0.00013408364330458848
     ],
     [
      0.0,
      9.340928353259149e-5,
      0.00017807393879786768,
      0.00022888378468884332,
      0.0002577030904616655,
      0.00027836472360595675,
      0.00028236267663853836,
      0.0002764165076806357,
      0.00027806778135183323,
      0.0002862183392257383,
      0.00028661209512004053,
      0.0002689443144745708,
      0.00027482094379288087,
      0.00027585758817160665,
      0.00028612695343232776,
      0.0002905442262162957,
      0.00026568837318974585,
      0.0002407984102357296,
      0.0001952404243349332,
      0.00011848873782208226
     ],
     [
      0.0,
      8.139846241369477e-5,
      0.00015515268560842678,
      0.00019851798871137958,
      0.00022882159680745955,
      0.000246533232410082,
      0.00025205085241824046,
      0.00024185070149807642,
      0.00024228540324672612,
      0.0002482525028740171,
      0.000245475485418192,
      0.0002284832068090479,
      0.00022842917463920402,
      0.00022690062235282098,
      0.0002336370820825199,
      0.00023936481738502153,
      0.00021781827327368221,
      0.0001952404243349332,
      0.00016621801113842486,
      0.00010286452289645156
     ],
     [
      0.0,
      5.365311746613247e-5,
      0.0001017909384886477,
      0.00013066907691565568,
      0.0001525873774122203,
      0.00016584195151166936,
      0.00016965251371112202,
      0.00016194372122207228,
      0.00016088875321337354,
      0.00016538780617493786,
      0.0001630480138588543,
      0.00015003582007096905,
      0.00014556877653452622,
      0.00014346521637823026,
      0.00014439237439576878,
      0.00014695964832757733,
      0.00013408364330458848,
      0.00011848873782208226,
      0.00010286452289645156,
      6.87543398376722e-5
     ]
    ],
    "autocorr_time": 7.06973102814464,
    "rebin_len": 86.0,
    "internal_bin_len": 5.0,
    "mean": [
     1.0,
     0.7279676440849343,
     0.6324266936299293,
     0.5836703741152679,
     0.5540141557128412,
     0.5363397371081902,
     0.5256521739130434,
     0.518442871587462,
     0.5159049544994945,
     0.5128008088978767,
     0.5120525783619818,
     0.5061274014155712,
     0.4991405460060669,
     0.5042366026289181,
     0.5153589484327604,
     0.5285439838220425,
     0.5470677451971688,
     0.5779979777553083,
     0.6240647118301315,
     0.7203741152679474
    ],
    "rebin_count": 23.0
   },
   "Magnetization": {
    "error": 0.09022105804831813,
    "covariance": null,
    "autocorr_time": 36.17124070109855,
    "rebin_len": 86.0,
    "internal_bin_len": 5.0,
    "mean": -0.5443073811931244,
    "rebin_count": 23.0
   },
   "BinderRatio": {
    "error": 0.02212103791747106,
    "covariance": null,
    "autocorr_time": NaN,
    "rebin_len": 86.0,
    "internal_bin_len": 5.0,
    "mean": 0.8561719951763038,
    "rebin_count": 0.0
   },
   "AbsMagnetization": {
    "error": 0.017777133014643027,
    "covariance": null,
    "autocorr_time": 9.03721009411439,
    "rebin_len": 86.0,
    "internal_bin_len": 5.0,
    "mean": 0.6949433771486351,
    "rebin_count": 23.0
   },
   "Magnetization4": {
    "error": 0.01586889952879223,
    "covariance": null,
    "autocorr_time": 6.495000368583338,
    "rebin_len": 86.0,
    "internal_bin_len": 5.0,
    "mean": 0.3120917468185035,
    "rebin_count": 23.0
   },
   "SpecificHeat": {
    "error": 0.08503480974085659,
    "covariance": null,
    "autocorr_time": NaN,
    "rebin_len": 86.0,
    "internal_bin_len": 5.0,
    "mean": 1.6717024303789216,
    "rebin_count": 0.0
   },
   "SpinCorrelationK": {
    "error": [
     0.3321920437491813,
     0.07893405989988865,
     0.04669447857534035,
     0.02363343798509092,
     0.012649805785735107,
     0.011941745227682384,
     0.009875492342412421,
     0.007570330655649277,
     0.006226911532342262,
     0.005885653447095473,
     0.008043381342524681,
     0.005885653447095341,
     0.0062269115323420445,
     0.007570330655649305,
     0.009875492342412534,
     0.011941745227682255,
     0.01264980578573506,
     0.02363343798509109,
     0.046694478575340606,
     0.07893405989988762
    ],
    "covariance": [
     [
      0.110351553930258,
      -0.02306958900177668,
      -0.01178769562772581,
      -0.006577558455620556,
      -0.0027905952131665524,
      -0.0033031293860185636,
      -0.002433332343251088,
      -0.0017604410845015652,
      -0.0012452215862238096,
      -0.001519898966386015,
      -0.0013766306009174332,
      -0.0015198989663859738,
      -0.0012452215862238,
      -0.00176044108450152,
      -0.0024333323432510485,
      -0.0033031293860185072,
      -0.0027905952131665147,
      -0.006577558455620637,
      -0.01178769562772592,
      -0.0230695890017763
     ],
     [
      -0.02306958900177668,
      0.0062305858122792095,
      0.0015929532478866657,
      0.0012095337555890573,
      0.0005366328206400613,
      0.0005684985625009947,
      0.0003982370604418251,
      0.0003361171127919973,
      0.00019153573269699097,
      0.00029003410855608946,
      0.00036133257501101636,
      0.00029003410855608464,
      0.000191535732696989,
      0.0003361171127919902,
      0.0003982370604418077,
      0.0005684985625009784,
      0.0005366328206400517,
      0.0012095337555890668,
      0.0015929532478866882,
      0.006230585812279129
     ],
     [
      -0.01178769562772581,
      0.0015929532478866657,
      0.002180374329422919,
      0.0006221361506342458,
      0.00028292141241580035,
      0.00037943754643809117,
      0.00030967097303725977,
      0.00015871258542533297,
      0.00014949036626665604,
      0.0001622064606228305,
      0.0001118894834262773,
      0.00016220646062282176,
      0.00014949036626665503,
      0.00015871258542532736,
      0.00030967097303726156,
      0.000379437546438088,
      0.0002829214124157976,
      0.0006221361506342656,
      0.002180374329422931,
      0.0015929532478866292
     ],
     [
      -0.006577558455620556,
      0.0012095337555890573,
      0.0006221361506342458,
      0.0005585393909951383,
      0.00017517030698961707,
      0.0002365057933601427,
      0.00014456879856931533,
      0.00011871635650536105,
      8.255621729890095e-5,
      0.00011054526916600571,
      6.1014377405035347e-5,
      0.00011054526916600369,
      8.255621729889878e-5,
      0.00011871635650535564,
      0.00014456879856931048,
      0.00023650579336014125,
      0.00017517030698961696,
      0.0005585393909951422,
      0.0006221361506342485,
      0.0012095337555890345
     ],
     [
      -0.0027905952131665524,
      0.0005366328206400613,
      0.00028292141241580035,
      0.00017517030698961707,
      0.0001600175864168174,
      6.346442516822936e-5,
      5.9514301402743014e-5,
      3.738660273284464e-5,
      2.5644935544784613e-5,
      3.616974328494965e-5,
      3.675094397486626e-5,
      3.6169743284948556e-5,
      2.564493554478768e-5,
      3.738660273284274e-5,
      5.951430140274323e-5,
      6.346442516822834e-5,
      0.00016001758641681684,
      0.0001751703069896186,
      0.00028292141241580246,
      0.0005366328206400511
     ],
     [
      -0.0033031293860185636,
      0.0005684985625009947,
      0.00037943754643809117,
      0.0002365057933601427,
      6.346442516822936e-5,
      0.000142605279082875,
      8.435236066673946e-5,
      6.639904513458006e-5,
      4.592814068926697e-5,
      5.2023143833156465e-5,
      2.470079227045018e-5,
      5.202314383315563e-5,
      4.5928140689265655e-5,
      6.639904513457858e-5,
      8.435236066673905e-5,
      0.00014260527908287348,
      6.3464425168229e-5,
      0.00023650579336014445,
      0.00037943754643809496,
      0.0005684985625009828
     ],
     [
      -0.002433332343251088,
      0.0003982370604418251,
      0.00030967097303725977,
      0.00014456879856931533,
      5.9514301402743014e-5,
      8.435236066673946e-5,
      9.752534900504638e-5,
      4.6137179179946985e-5,
      4.1760057091919916e-5,
      2.6378895030037535e-5,
      1.7042394401432368e-5,
      2.6378895030036224e-5,
      4.176005709191943e-5,
      4.61371791799449e-5,
      9.752534900504752e-5,
      8.435236066673726e-5,
      5.951430140274015e-5,
      0.00014456879856931777,
      0.0003096709730372638,
      0.00039823706044182035
     ],
     [
      -0.0017604410845015652,
      0.0003361171127919973,
      0.00015871258542533297,
      0.00011871635650536105,
      3.738660273284464e-5,
      6.639904513458006e-5,
      4.6137179179946985e-5,
      5.730990623586322e-5,
      2.382984816207872e-5,
      2.4332777308336075e-5,
      2.2558257548903482e-5,
      2.433277730833492e-5,
      2.3829848162079014e-5,
      5.7309906235863414e-5,
      4.6137179179946734e-5,
      6.639904513457823e-5,
      3.738660273284274e-5,
      0.00011871635650536172,
      0.000158712585425338,
      0.00033611711279199187
     ],
     [
      -0.0012452215862238096,
      0.00019153573269699097,
      0.00014949036626665604,
      8.255621729890095e-5,
      2.5644935544784613e-5,
      4.592814068926697e-5,
      4.1760057091919916e-5,
      2.382984816207872e-5,
      3.877442723161706e-5,
      1.818499733346845e-5,
      9.812141592444235e-6,
      1.8184997333468192e-5,
      3.877442723161569e-5,
      2.3829848162079898e-5,
      4.176005709192109e-5,
      4.592814068926726e-5,
      2.5644935544785183e-5,
      8.255621729890153e-5,
      0.0001494903662666578,
      0.00019153573269698685
     ],
     [
      -0.001519898966386015,
      0.00029003410855608946,
      0.0001622064606228305,
      0.00011054526916600571,
      3.616974328494965e-5,
      5.2023143833156465e-5,
      2.6378895030037535e-5,
      2.4332777308336075e-5,
      1.818499733346845e-5,
      3.464091649930682e-5,
      1.0866343117670163e-5,
      3.464091649930604e-5,
      1.818499733346762e-5,
      2.4332777308335906e-5,
      2.6378895030037027e-5,
      5.2023143833156445e-5,
      3.616974328495038e-5,
      0.00011054526916600613,
      0.0001622064606228309,
      0.0002900341085560826
     ],
     [
      -0.0013766306009174332,
      0.00036133257501101636,
      0.0001118894834262773,
      6.1014377405035347e-5,
      3.675094397486626e-5,
      2.470079227045018e-5,
      1.7042394401432368e-5,
      2.2558257548903482e-5,
      9.812141592444235e-6,
      1.0866343117670163e-5,
      6.469598342127413e-5,
      1.0866343117671261e-5,
      9.81214159244616e-6,
      2.2558257548903912e-5,
      1.704239440143113e-5,
      2.470079227044894e-5,
      3.6750943974862306e-5,
      6.101437740503781e-5,
      0.00011188948342627832,
      0.00036133257501100714
     ],
     [
      -0.0015198989663859738,
      0.00029003410855608464,
      0.00016220646062282176,
      0.00011054526916600369,
      3.6169743284948556e-5,
      5.202314383315563e-5,
      2.6378895030036224e-5,
      2.433277730833492e-5,
      1.8184997333468192e-5,
      3.464091649930604e-5,
      1.0866343117671261e-5,
      3.4640916499305275e-5,
      1.818499733346736e-5,
      2.4332777308334754e-5,
      2.6378895030035713e-5,
      5.202314383315561e-5,
      3.616974328494929e-5,
      0.00011054526916600416,
      0.000162206460622822,
      0.00029003410855607775
     ],
     [
      -0.0012452215862238,
      0.000191535732696989,
      0.00014949036626665503,
      8.255621729889878e-5,
      2.564493554478768e-5,
      4.5928140689265655e-5,
      4.176005709191943e-5,
      2.3829848162079014e-5,
      3.877442723161569e-5,
      1.818499733346762e-5,
      9.81214159244616e-6,
      1.818499733346736e-5,
      3.877442723161435e-5,
      2.3829848162080196e-5,
      4.1760057091920614e-5,
      4.5928140689265926e-5,
      2.5644935544788252e-5,
      8.255621729889936e-5,
      0.0001494903662666568,
      0.00019153573269698487
     ],
     [
      -0.00176044108450152,
      0.0003361171127919902,
      0.00015871258542532736,
      0.00011871635650535564,
      3.738660273284274e-5,
      6.639904513457858e-5,
      4.61371791799449e-5,
      5.7309906235863414e-5,
      2.3829848162079898e-5,
      2.4332777308335906e-5,
      2.2558257548903912e-5,
      2.4332777308334754e-5,
      2.3829848162080196e-5,
      5.730990623586364e-5,
      4.613717917994467e-5,
      6.639904513457677e-5,
      3.7386602732840835e-5,
      0.00011871635650535638,
      0.00015871258542533235,
      0.00033611711279198477
     ],
     [
      -0.0024333323432510485,
      0.0003982370604418077,
      0.00030967097303726156,
      0.00014456879856931048,
      5.951430140274323e-5,
      8.435236066673905e-5,
      9.752534900504752e-5,
      4.6137179179946734e-5,
      4.176005709192109e-5,
      2.6378895030037027e-5,
      1.704239440143113e-5,
      2.6378895030035713e-5,
      4.1760057091920614e-5,
      4.613717917994467e-5,
      9.75253490050486e-5,
      8.435236066673688e-5,
      5.951430140274038e-5,
      0.0001445687985693129,
      0.0003096709730372656,
      0.0003982370604418029
     ],
     [
      -0.0033031293860185072,
      0.0005684985625009784,
      0.000379437546438088,
      0.00023650579336014125,
      6.346442516822834e-5,
      0.00014260527908287348,
      8.435236066673726e-5,
      6.639904513457823e-5,
      4.592814068926726e-5,
      5.2023143833156445e-5,
      2.470079227044894e-5,
      5.202314383315561e-5,
      4.5928140689265926e-5,
      6.639904513457677e-5,
      8.435236066673688e-5,
      0.00014260527908287193,
      6.346442516822795e-5,
      0.00023650579336014302,
      0.00037943754643809165,
      0.0005684985625009663
     ],
     [
      -0.0027905952131665147,
      0.0005366328206400517,
      0.0002829214124157976,
      0.00017517030698961696,
      0.00016001758641681684,
      6.3464425168229e-5,
      5.951430140274015e-5,
      3.738660273284274e-5,
      2.5644935544785183e-5,
      3.616974328495038e-5,
      3.6750943974862306e-5,
      3.616974328494929e-5,
      2.5644935544788252e-5,
      3.7386602732840835e-5,
      5.951430140274038e-5,
      6.346442516822795e-5,
      0.0001600175864168162,
      0.00017517030698961848,
      0.00028292141241579964,
      0.0005366328206400415
     ],
     [
      -0.006577558455620637,
      0.0012095337555890668,
      0.0006221361506342656,
      0.0005585393909951422,
      0.0001751703069896186,
      0.00023650579336014445,
      0.00014456879856931777,
      0.00011871635650536172,
      8.255621729890153e-5,
      0.00011054526916600613,
      6.101437740503781e-5,
      0.00011054526916600416,
      8.255621729889936e-5,
      0.00011871635650535638,
      0.0001445687985693129,
      0.00023650579336014302,
      0.00017517030698961848,
      0.0005585393909951465,
      0.0006221361506342684,
      0.0012095337555890445
     ],
     [
      -0.01178769562772592,
      0.0015929532478866882,
      0.002180374329422931,
      0.0006221361506342485,
      0.00028292141241580246,
      0.00037943754643809496,
      0.0003096709730372638,
      0.000158712585425338,
      0.0001494903662666578,
      0.0001622064606228309,
      0.00011188948342627832,
      0.000162206460622822,
      0.0001494903662666568,
      0.00015871258542533235,
      0.0003096709730372656,
      0.00037943754643809165,
      0.00028292141241579964,
      0.0006221361506342684,
      0.0021803743294229426,
      0.0015929532478866518
     ],
     [
      -0.0230695890017763,
      0.006230585812279129,
      0.0015929532478866292,
      0.0012095337555890345,
      0.0005366328206400511,
      0.0005684985625009828,
      0.00039823706044182035,
      0.00033611711279199187,
      0.00019153573269698685,
      0.0002900341085560826,
      0.00036133257501100714,
      0.00029003410855607775,
      0.00019153573269698487,
      0.00033611711279198477,
      0.0003982370604418029,
      0.0005684985625009663,
      0.0005366328206400415,
      0.0012095337555890445,
      0.0015929532478866518,
      0.006230585812279047
     ]
    ],
    "autocorr_time": NaN,
    "rebin_len": 86.0,
    "internal_bin_len": 5.0,
    "mean": [
     11.642184024266896,
     1.1919363199273327,
     0.7371854406632146,
     0.4849549265354316,
     0.3964213241417358,
     0.30657229524772145,
     0.2761462074661942,
     0.2445215795866904,
     0.2248274119553324,
     0.2117519868929243,
     0.20918099089989717,
     0.2117519868929243,
     0.2248274119553333,
     0.24452157958668952,
     0.2761462074661889,
     0.3065722952477241,
     0.3964213241417305,
     0.48495492653544225,
     0.7371854406632359,
     1.191936319927347
    ],
    "rebin_count": 0.0
   },
   "Energy": {
    "error": 0.009769061705718552,
    "covariance": null,
    "autocorr_time": 4.891513405275554,
    "rebin_len": 86.0,
    "internal_bin_len": 5.0,
    "mean": -1.4480182002022244,
    "rebin_count": 23.0
   },
   "Magnetization2": {
    "error": 0.019239476581000114,
    "covariance": null,
    "autocorr_time": 8.108836990360752,
    "rebin_len": 86.0,
    "internal_bin_len": 5.0,
    "mean": 0.516980242669363,
    "rebin_count": 23.0
   },
   "_ll_measure_time": {
    "error": 5.665497139928409e-5,
    "covariance": null,
    "autocorr_time": 0.0,
    "rebin_len": 86.0,
    "internal_bin_len": 5.0,
    "mean": 6.536401698685536e-5,
    "rebin_count": 23.0
   },
   "Susceptibility": {
    "error": 3.390216137621162,
    "covariance": null,
    "autocorr_time": NaN,
    "rebin_len": 86.0,
    "internal_bin_len": 5.0,
    "mean": 91.09784011795,
    "rebin_count": 0.0
   }
  },
  "version": {
   "carlo_version": "0.2.6",
   "mc_package": "Ising",
   "mc_version": "0.1.0"
  }
 }
]